[
    {
        "t": 0.0,
        "Inertia matrix": [
            [
                6.951154600745518,
                0.0,
                0.0
            ],
            [
                0.0,
                5.823158333333331,
                0.0
            ],
            [
                0.0,
                0.0,
                6.951154600745518
            ]
        ],
        "eigenvectors": [
            [
                1.0,
                0.0,
                0.0
            ],
            [
                0.0,
                1.0,
                0.0
            ],
            [
                0.0,
                0.0,
                1.0
            ]
        ],
        "Cn_b00": [
            [
                1.0,
                0.0,
                -0.0
            ],
            [
                -0.0,
                1.0,
                0.0
            ],
            [
                0.0,
                0.0,
                1.0
            ]
        ]
    },
    {
        "t": 0.01001001001001001,
        "Inertia matrix": [
            [
                6.951255207810961,
                0.0,
                0.0
            ],
            [
                0.0,
                5.823411352367036,
                0.0
            ],
            [
                0.0,
                0.0,
                6.951255207810961
            ]
        ],
        "eigenvectors": [
            [
                1.0,
                0.0,
                0.0
            ],
            [
                0.0,
                1.0,
                0.0
            ],
            [
                0.0,
                0.0,
                1.0
            ]
        ],
        "Cn_b00": [
            [
                1.0,
                -1.3001720522879174e-21,
                1.1838558560411068e-23
            ],
            [
                1.3001720522879174e-21,
                1.0,
                1.3242499542116928e-21
            ],
            [
                -1.1838558560411068e-23,
                -1.3242499542116928e-21,
                1.0
            ]
        ]
    },
    {
        "t": 0.02002002002002002,
        "Inertia matrix": [
            [
                6.951525337329773,
                0.0,
                0.0
            ],
            [
                0.0,
                5.824086706320747,
                0.0
            ],
            [
                0.0,
                0.0,
                6.951525337329773
            ]
        ],
        "eigenvectors": [
            [
                1.0,
                0.0,
                0.0
            ],
            [
                0.0,
                1.0,
                0.0
            ],
            [
                0.0,
                0.0,
                1.0
            ]
        ],
        "Cn_b00": [
            [
                1.0,
                -1.203380215188323e-21,
                2.5673833443447053e-23
            ],
            [
                1.203380215188323e-21,
                1.0,
                1.63426916815189e-21
            ],
            [
                -2.5673833443447053e-23,
                -1.63426916815189e-21,
                1.0
            ]
        ]
    },
    {
        "t": 0.03003003003003003,
        "Inertia matrix": [
            [
                6.951943609091204,
                0.0,
                0.0
            ],
            [
                0.0,
                5.825119131333895,
                0.0
            ],
            [
                0.0,
                0.0,
                6.951943609091204
            ]
        ],
        "eigenvectors": [
            [
                1.0,
                0.0,
                0.0
            ],
            [
                0.0,
                1.0,
                0.0
            ],
            [
                0.0,
                0.0,
                1.0
            ]
        ],
        "Cn_b00": [
            [
                1.0,
                -6.017054107027383e-23,
                3.9675728621439624e-23
            ],
            [
                6.017054107027383e-23,
                1.0,
                5.40620598167041e-22
            ],
            [
                -3.9675728621439624e-23,
                -5.40620598167041e-22,
                1.0
            ]
        ]
    },
    {
        "t": 0.04004004004004004,
        "Inertia matrix": [
            [
                6.952502661162102,
                0.0,
                0.0
            ],
            [
                0.0,
                5.826477912044556,
                0.0
            ],
            [
                0.0,
                0.0,
                6.952502661162102
            ]
        ],
        "eigenvectors": [
            [
                1.0,
                0.0,
                0.0
            ],
            [
                0.0,
                1.0,
                0.0
            ],
            [
                0.0,
                0.0,
                1.0
            ]
        ],
        "Cn_b00": [
            [
                1.0,
                -1.3055835163982585e-21,
                5.414695787529437e-23
            ],
            [
                1.3055835163982585e-21,
                1.0,
                -2.2682298635862073e-22
            ],
            [
                -5.414695787529437e-23,
                2.2682298635862073e-22,
                1.0
            ]
        ]
    },
    {
        "t": 0.050050050050050046,
        "Inertia matrix": [
            [
                6.9531997314413285,
                0.0,
                0.0
            ],
            [
                0.0,
                5.828145616312327,
                0.0
            ],
            [
                0.0,
                0.0,
                6.9531997314413285
            ]
        ],
        "eigenvectors": [
            [
                1.0,
                0.0,
                0.0
            ],
            [
                0.0,
                1.0,
                0.0
            ],
            [
                0.0,
                0.0,
                1.0
            ]
        ],
        "Cn_b00": [
            [
                1.0,
                1.3091367316728434e-20,
                6.613928347601178e-23
            ],
            [
                -1.3091367316728434e-20,
                1.0,
                4.80998346063854e-22
            ],
            [
                -6.613928347601178e-23,
                -4.80998346063854e-22,
                1.0
            ]
        ]
    },
    {
        "t": 0.06006006006006006,
        "Inertia matrix": [
            [
                6.9540334793168945,
                0.0,
                0.0
            ],
            [
                0.0,
                5.830110706641197,
                0.0
            ],
            [
                0.0,
                0.0,
                6.9540334793168945
            ]
        ],
        "eigenvectors": [
            [
                1.0,
                0.0,
                0.0
            ],
            [
                0.0,
                1.0,
                0.0
            ],
            [
                0.0,
                0.0,
                1.0
            ]
        ],
        "Cn_b00": [
            [
                1.0,
                6.417469668836459e-20,
                5.3705597048386486e-24
            ],
            [
                -6.417469668836459e-20,
                1.0,
                7.702578150169103e-21
            ],
            [
                -5.370559704838648e-24,
                -7.702578150169103e-21,
                1.0
            ]
        ]
    },
    {
        "t": 0.07007007007007007,
        "Inertia matrix": [
            [
                6.955002741549454,
                0.0,
                0.0
            ],
            [
                0.0,
                5.832364060274354,
                0.0
            ],
            [
                0.0,
                0.0,
                6.955002741549454
            ]
        ],
        "eigenvectors": [
            [
                1.0,
                0.0,
                0.0
            ],
            [
                0.0,
                1.0,
                0.0
            ],
            [
                0.0,
                0.0,
                1.0
            ]
        ],
        "Cn_b00": [
            [
                1.0,
                6.048389756454436e-20,
                4.634286729379525e-24
            ],
            [
                -6.048389756454436e-20,
                1.0,
                5.476411623393535e-21
            ],
            [
                -4.634286729379525e-24,
                -5.476411623393535e-21,
                1.0
            ]
        ]
    },
    {
        "t": 0.08008008008008008,
        "Inertia matrix": [
            [
                6.956106322931619,
                0.0,
                0.0
            ],
            [
                0.0,
                5.8348983516319874,
                0.0
            ],
            [
                0.0,
                0.0,
                6.956106322931619
            ]
        ],
        "eigenvectors": [
            [
                1.0,
                0.0,
                0.0
            ],
            [
                0.0,
                1.0,
                0.0
            ],
            [
                0.0,
                0.0,
                1.0
            ]
        ],
        "Cn_b00": [
            [
                1.0,
                8.080964275253896e-20,
                -3.7931248546130804e-23
            ],
            [
                -8.080964275253896e-20,
                1.0,
                7.632188144350145e-21
            ],
            [
                3.7931248546130804e-23,
                -7.632188144350145e-21,
                1.0
            ]
        ]
    },
    {
        "t": 0.09009009009009009,
        "Inertia matrix": [
            [
                6.957342830554174,
                0.0,
                0.0
            ],
            [
                0.0,
                5.8377072986169365,
                0.0
            ],
            [
                0.0,
                0.0,
                6.957342830554174
            ]
        ],
        "eigenvectors": [
            [
                1.0,
                0.0,
                0.0
            ],
            [
                0.0,
                1.0,
                0.0
            ],
            [
                0.0,
                0.0,
                1.0
            ]
        ],
        "Cn_b00": [
            [
                1.0,
                7.411877336170748e-20,
                -2.176561750110743e-22
            ],
            [
                -7.411877336170748e-20,
                1.0,
                5.661263992969691e-21
            ],
            [
                2.176561750110743e-22,
                -5.661263992969691e-21,
                1.0
            ]
        ]
    },
    {
        "t": 0.10010010010010009,
        "Inertia matrix": [
            [
                6.958710681223714,
                0.0,
                0.0
            ],
            [
                0.0,
                5.840785409268917,
                0.0
            ],
            [
                0.0,
                0.0,
                6.958710681223714
            ]
        ],
        "eigenvectors": [
            [
                1.0,
                0.0,
                0.0
            ],
            [
                0.0,
                1.0,
                0.0
            ],
            [
                0.0,
                0.0,
                1.0
            ]
        ],
        "Cn_b00": [
            [
                1.0,
                -1.743478023041882e-20,
                -4.914341667777601e-22
            ],
            [
                1.743478023041882e-20,
                1.0,
                -7.131443192368658e-21
            ],
            [
                4.914341667777601e-22,
                7.131443192368658e-21,
                1.0
            ]
        ]
    },
    {
        "t": 0.11011011011011011,
        "Inertia matrix": [
            [
                6.960208133604541,
                0.0,
                0.0
            ],
            [
                0.0,
                5.844127829221929,
                0.0
            ],
            [
                0.0,
                0.0,
                6.960208133604541
            ]
        ],
        "eigenvectors": [
            [
                1.0,
                0.0,
                0.0
            ],
            [
                0.0,
                1.0,
                0.0
            ],
            [
                0.0,
                0.0,
                1.0
            ]
        ],
        "Cn_b00": [
            [
                1.0,
                -5.3763211387155416e-20,
                -6.233448327943769e-22
            ],
            [
                5.3763211387155416e-20,
                1.0,
                -1.222425714524134e-20
            ],
            [
                6.233448327943769e-22,
                1.222425714524134e-20,
                1.0
            ]
        ]
    },
    {
        "t": 0.12012012012012012,
        "Inertia matrix": [
            [
                6.961833318848922,
                0.0,
                0.0
            ],
            [
                0.0,
                5.847730228143609,
                0.0
            ],
            [
                0.0,
                0.0,
                6.961833318848922
            ]
        ],
        "eigenvectors": [
            [
                1.0,
                0.0,
                0.0
            ],
            [
                0.0,
                1.0,
                0.0
            ],
            [
                0.0,
                0.0,
                1.0
            ]
        ],
        "Cn_b00": [
            [
                1.0,
                -1.0527335095769712e-19,
                -7.580038738086267e-22
            ],
            [
                1.0527335095769712e-19,
                1.0,
                -1.903472968451579e-20
            ],
            [
                7.580038738086267e-22,
                1.903472968451579e-20,
                1.0
            ]
        ]
    },
    {
        "t": 0.13013013013013014,
        "Inertia matrix": [
            [
                6.963584274581498,
                0.0,
                0.0
            ],
            [
                0.0,
                5.851588719988665,
                0.0
            ],
            [
                0.0,
                0.0,
                6.963584274581498
            ]
        ],
        "eigenvectors": [
            [
                1.0,
                0.0,
                0.0
            ],
            [
                0.0,
                1.0,
                0.0
            ],
            [
                0.0,
                0.0,
                1.0
            ]
        ],
        "Cn_b00": [
            [
                1.0,
                -1.449966344726549e-19,
                -9.20417739549884e-22
            ],
            [
                1.449966344726549e-19,
                1.0,
                -2.4099442603273432e-20
            ],
            [
                9.20417739549884e-22,
                2.4099442603273432e-20,
                1.0
            ]
        ]
    },
    {
        "t": 0.14014014014014015,
        "Inertia matrix": [
            [
                6.965458970652594,
                0.0,
                0.0
            ],
            [
                0.0,
                5.855699794434308,
                0.0
            ],
            [
                0.0,
                0.0,
                6.965458970652594
            ]
        ],
        "eigenvectors": [
            [
                1.0,
                0.0,
                0.0
            ],
            [
                0.0,
                1.0,
                0.0
            ],
            [
                0.0,
                0.0,
                1.0
            ]
        ],
        "Cn_b00": [
            [
                1.0,
                -1.3998321452674897e-19,
                -1.07900320004556e-21
            ],
            [
                1.3998321452674897e-19,
                1.0,
                -2.1847624399771072e-20
            ],
            [
                1.07900320004556e-21,
                2.1847624399771072e-20,
                1.0
            ]
        ]
    },
    {
        "t": 0.15015015015015015,
        "Inertia matrix": [
            [
                6.967455330822782,
                0.0,
                0.0
            ],
            [
                0.0,
                5.860060261111699,
                0.0
            ],
            [
                0.0,
                0.0,
                6.967455330822782
            ]
        ],
        "eigenvectors": [
            [
                1.0,
                0.0,
                0.0
            ],
            [
                0.0,
                1.0,
                0.0
            ],
            [
                0.0,
                0.0,
                1.0
            ]
        ],
        "Cn_b00": [
            [
                1.0,
                -5.55043400882862e-20,
                -1.1820885137521353e-21
            ],
            [
                5.55043400882862e-20,
                1.0,
                -8.163854039806799e-21
            ],
            [
                1.1820885137521353e-21,
                8.163854039806799e-21,
                1.0
            ]
        ]
    },
    {
        "t": 0.16016016016016016,
        "Inertia matrix": [
            [
                6.969571249189848,
                0.0,
                0.0
            ],
            [
                0.0,
                5.864667200130675,
                0.0
            ],
            [
                0.0,
                0.0,
                6.969571249189848
            ]
        ],
        "eigenvectors": [
            [
                1.0,
                0.0,
                0.0
            ],
            [
                0.0,
                1.0,
                0.0
            ],
            [
                0.0,
                0.0,
                1.0
            ]
        ],
        "Cn_b00": [
            [
                1.0,
                -2.6251714633104426e-20,
                -1.3247609392058434e-21
            ],
            [
                2.6251714633104426e-20,
                1.0,
                -9.394510701800995e-22
            ],
            [
                1.3247609392058434e-21,
                9.394510701800995e-22,
                1.0
            ]
        ]
    },
    {
        "t": 0.17017017017017017,
        "Inertia matrix": [
            [
                6.971804607220207,
                0.0,
                0.0
            ],
            [
                0.0,
                5.8695179284675305,
                0.0
            ],
            [
                0.0,
                0.0,
                6.971804607220207
            ]
        ],
        "eigenvectors": [
            [
                1.0,
                0.0,
                0.0
            ],
            [
                0.0,
                1.0,
                0.0
            ],
            [
                0.0,
                0.0,
                1.0
            ]
        ],
        "Cn_b00": [
            [
                1.0,
                1.4283871657320015e-20,
                -1.4171328087554972e-21
            ],
            [
                -1.4283871657320015e-20,
                1.0,
                7.565280132411945e-21
            ],
            [
                1.4171328087554972e-21,
                -7.565280132411945e-21,
                1.0
            ]
        ]
    },
    {
        "t": 0.18018018018018017,
        "Inertia matrix": [
            [
                6.974153282585661,
                0.0,
                0.0
            ],
            [
                0.0,
                5.874609960344693,
                0.0
            ],
            [
                0.0,
                0.0,
                6.974153282585661
            ]
        ],
        "eigenvectors": [
            [
                1.0,
                0.0,
                0.0
            ],
            [
                0.0,
                1.0,
                0.0
            ],
            [
                0.0,
                0.0,
                1.0
            ]
        ],
        "Cn_b00": [
            [
                1.0,
                3.272417231830574e-20,
                -1.501320047147051e-21
            ],
            [
                -3.272417231830574e-20,
                1.0,
                1.1297329064789018e-20
            ],
            [
                1.501320047147051e-21,
                -1.1297329064789018e-20,
                1.0
            ]
        ]
    },
    {
        "t": 0.19019019019019018,
        "Inertia matrix": [
            [
                6.976615158658659,
                0.0,
                0.0
            ],
            [
                0.0,
                5.879940979691118,
                0.0
            ],
            [
                0.0,
                0.0,
                6.976615158658659
            ]
        ],
        "eigenvectors": [
            [
                1.0,
                0.0,
                0.0
            ],
            [
                0.0,
                1.0,
                0.0
            ],
            [
                0.0,
                0.0,
                1.0
            ]
        ],
        "Cn_b00": [
            [
                1.0,
                -3.477457443715093e-20,
                -1.5362111999547908e-21
            ],
            [
                3.477457443715093e-20,
                1.0,
                5.642082093903962e-21
            ],
            [
                1.5362111999547908e-21,
                -5.642082093903962e-21,
                1.0
            ]
        ]
    },
    {
        "t": 0.20020020020020018,
        "Inertia matrix": [
            [
                6.979188132852659,
                0.0,
                0.0
            ],
            [
                0.0,
                5.88550881654738,
                0.0
            ],
            [
                0.0,
                0.0,
                6.979188132852659
            ]
        ],
        "eigenvectors": [
            [
                1.0,
                0.0,
                0.0
            ],
            [
                0.0,
                1.0,
                0.0
            ],
            [
                0.0,
                0.0,
                1.0
            ]
        ],
        "Cn_b00": [
            [
                1.0,
                -9.434666639164845e-20,
                -1.4997454612089668e-21
            ],
            [
                9.434666639164845e-20,
                1.0,
                1.9262637567680788e-21
            ],
            [
                1.4997454612089668e-21,
                -1.9262637567680788e-21,
                1.0
            ]
        ]
    },
    {
        "t": 0.21021021021021022,
        "Inertia matrix": [
            [
                6.981870119885431,
                0.0,
                0.0
            ],
            [
                0.0,
                5.891311421270487,
                0.0
            ],
            [
                0.0,
                0.0,
                6.981870119885431
            ]
        ],
        "eigenvectors": [
            [
                1.0,
                0.0,
                0.0
            ],
            [
                0.0,
                1.0,
                0.0
            ],
            [
                0.0,
                0.0,
                1.0
            ]
        ],
        "Cn_b00": [
            [
                1.0,
                -1.6784770448940384e-19,
                -1.4361071197408686e-21
            ],
            [
                1.6784770448940384e-19,
                1.0,
                -3.018092531189546e-21
            ],
            [
                1.4361071197408686e-21,
                3.018092531189546e-21,
                1.0
            ]
        ]
    },
    {
        "t": 0.22022022022022023,
        "Inertia matrix": [
            [
                6.984659057267482,
                0.0,
                0.0
            ],
            [
                0.0,
                5.897346846844119,
                0.0
            ],
            [
                0.0,
                0.0,
                6.984659057267482
            ]
        ],
        "eigenvectors": [
            [
                1.0,
                0.0,
                0.0
            ],
            [
                0.0,
                1.0,
                0.0
            ],
            [
                0.0,
                0.0,
                1.0
            ]
        ],
        "Cn_b00": [
            [
                1.0,
                -2.2591531748509693e-19,
                -1.3689966253479077e-21
            ],
            [
                2.2591531748509693e-19,
                1.0,
                -6.893029360137155e-21
            ],
            [
                1.3689966253479077e-21,
                6.893029360137155e-21,
                1.0
            ]
        ]
    },
    {
        "t": 0.23023023023023023,
        "Inertia matrix": [
            [
                6.987552908176269,
                0.0,
                0.0
            ],
            [
                0.0,
                5.903613230941001,
                0.0
            ],
            [
                0.0,
                0.0,
                6.987552908176269
            ]
        ],
        "eigenvectors": [
            [
                1.0,
                0.0,
                0.0
            ],
            [
                0.0,
                1.0,
                0.0
            ],
            [
                0.0,
                0.0,
                1.0
            ]
        ],
        "Cn_b00": [
            [
                1.0,
                -2.226347723915658e-19,
                -1.2402008965230766e-21
            ],
            [
                2.226347723915658e-19,
                1.0,
                -1.8511145377862274e-21
            ],
            [
                1.2402008965230766e-21,
                1.8511145377862274e-21,
                1.0
            ]
        ]
    },
    {
        "t": 0.24024024024024024,
        "Inertia matrix": [
            [
                6.990549663263097,
                0.0,
                0.0
            ],
            [
                0.0,
                5.910108779130947,
                0.0
            ],
            [
                0.0,
                0.0,
                6.990549663263097
            ]
        ],
        "eigenvectors": [
            [
                1.0,
                0.0,
                0.0
            ],
            [
                0.0,
                1.0,
                0.0
            ],
            [
                0.0,
                0.0,
                1.0
            ]
        ],
        "Cn_b00": [
            [
                1.0,
                -1.722685480221913e-19,
                -1.1006153888822775e-21
            ],
            [
                1.722685480221913e-19,
                1.0,
                9.984633722573346e-21
            ],
            [
                1.1006153888822775e-21,
                -9.984633722573346e-21,
                1.0
            ]
        ]
    },
    {
        "t": 0.2502502502502503,
        "Inertia matrix": [
            [
                6.993647342888721,
                0.0,
                0.0
            ],
            [
                0.0,
                5.916831751693768,
                0.0
            ],
            [
                0.0,
                0.0,
                6.993647342888721
            ]
        ],
        "eigenvectors": [
            [
                1.0,
                0.0,
                0.0
            ],
            [
                0.0,
                1.0,
                0.0
            ],
            [
                0.0,
                0.0,
                1.0
            ]
        ],
        "Cn_b00": [
            [
                1.0,
                -1.0232467999905287e-19,
                -9.96639303747236e-22
            ],
            [
                1.0232467999905287e-19,
                1.0,
                2.737173202812865e-20
            ],
            [
                9.96639303747236e-22,
                -2.737173202812865e-20,
                1.0
            ]
        ]
    },
    {
        "t": 0.2602602602602603,
        "Inertia matrix": [
            [
                6.996843998551922,
                0.0,
                0.0
            ],
            [
                0.0,
                5.92378045107892,
                0.0
            ],
            [
                0.0,
                0.0,
                6.996843998551922
            ]
        ],
        "eigenvectors": [
            [
                1.0,
                0.0,
                0.0
            ],
            [
                0.0,
                1.0,
                0.0
            ],
            [
                0.0,
                0.0,
                1.0
            ]
        ],
        "Cn_b00": [
            [
                1.0,
                -3.7641223007783545e-20,
                -9.901310985527595e-22
            ],
            [
                3.7641223007783545e-20,
                1.0,
                4.4785647525683257e-20
            ],
            [
                9.901310985527595e-22,
                -4.4785647525683257e-20,
                1.0
            ]
        ]
    },
    {
        "t": 0.2702702702702703,
        "Inertia matrix": [
            [
                7.000137713738182,
                0.0,
                0.0
            ],
            [
                0.0,
                5.930953210148361,
                0.0
            ],
            [
                0.0,
                0.0,
                7.000137713738182
            ]
        ],
        "eigenvectors": [
            [
                1.0,
                0.0,
                0.0
            ],
            [
                0.0,
                1.0,
                0.0
            ],
            [
                0.0,
                0.0,
                1.0
            ]
        ],
        "Cn_b00": [
            [
                1.0,
                -1.1738870947664377e-20,
                -1.0419144347736135e-21
            ],
            [
                1.1738870947664377e-20,
                1.0,
                5.847402767543022e-20
            ],
            [
                1.0419144347736135e-21,
                -5.847402767543022e-20,
                1.0
            ]
        ]
    },
    {
        "t": 0.2802802802802803,
        "Inertia matrix": [
            [
                7.00352660479063,
                0.0,
                0.0
            ],
            [
                0.0,
                5.938348381953166,
                0.0
            ],
            [
                0.0,
                0.0,
                7.00352660479063
            ]
        ],
        "eigenvectors": [
            [
                1.0,
                0.0,
                0.0
            ],
            [
                0.0,
                1.0,
                0.0
            ],
            [
                0.0,
                0.0,
                1.0
            ]
        ],
        "Cn_b00": [
            [
                1.0,
                -4.7145155991963635e-20,
                -1.1343272630134705e-21
            ],
            [
                4.7145155991963635e-20,
                1.0,
                6.549381660125508e-20
            ],
            [
                1.1343272630134705e-21,
                -6.549381660125508e-20,
                1.0
            ]
        ]
    },
    {
        "t": 0.2902902902902903,
        "Inertia matrix": [
            [
                7.007008821599575,
                0.0,
                0.0
            ],
            [
                0.0,
                5.945964330404751,
                0.0
            ],
            [
                0.0,
                0.0,
                7.007008821599575
            ]
        ],
        "eigenvectors": [
            [
                1.0,
                0.0,
                0.0
            ],
            [
                0.0,
                1.0,
                0.0
            ],
            [
                0.0,
                0.0,
                1.0
            ]
        ],
        "Cn_b00": [
            [
                1.0,
                -1.321809886308905e-19,
                -1.2643058311152524e-21
            ],
            [
                1.321809886308905e-19,
                1.0,
                6.630717046102584e-20
            ],
            [
                1.2643058311152524e-21,
                -6.630717046102584e-20,
                1.0
            ]
        ]
    },
    {
        "t": 0.3003003003003003,
        "Inertia matrix": [
            [
                7.010582547835813,
                0.0,
                0.0
            ],
            [
                0.0,
                5.953799421266031,
                0.0
            ],
            [
                0.0,
                0.0,
                7.010582547835813
            ]
        ],
        "eigenvectors": [
            [
                1.0,
                0.0,
                0.0
            ],
            [
                0.0,
                1.0,
                0.0
            ],
            [
                0.0,
                0.0,
                1.0
            ]
        ],
        "Cn_b00": [
            [
                1.0,
                -2.34825770103979e-19,
                -1.4592078608012513e-21
            ],
            [
                2.34825770103979e-19,
                1.0,
                6.406022829198741e-20
            ],
            [
                1.4592078608012513e-21,
                -6.406022829198741e-20,
                1.0
            ]
        ]
    },
    {
        "t": 0.3103103103103103,
        "Inertia matrix": [
            [
                7.01424600103719,
                0.0,
                0.0
            ],
            [
                0.0,
                5.961852013753786,
                0.0
            ],
            [
                0.0,
                0.0,
                7.01424600103719
            ]
        ],
        "eigenvectors": [
            [
                1.0,
                0.0,
                0.0
            ],
            [
                0.0,
                1.0,
                0.0
            ],
            [
                0.0,
                0.0,
                1.0
            ]
        ],
        "Cn_b00": [
            [
                1.0,
                -3.2040435501731195e-19,
                -1.7036477912808982e-21
            ],
            [
                3.2040435501731195e-19,
                1.0,
                6.46777575173828e-20
            ],
            [
                1.7036477912808982e-21,
                -6.46777575173828e-20,
                1.0
            ]
        ]
    },
    {
        "t": 0.3203203203203203,
        "Inertia matrix": [
            [
                7.017997432701414,
                0.0,
                0.0
            ],
            [
                0.0,
                5.9701204529137755,
                0.0
            ],
            [
                0.0,
                0.0,
                7.017997432701414
            ]
        ],
        "eigenvectors": [
            [
                1.0,
                0.0,
                0.0
            ],
            [
                0.0,
                1.0,
                0.0
            ],
            [
                0.0,
                0.0,
                1.0
            ]
        ],
        "Cn_b00": [
            [
                1.0,
                -3.580652044334496e-19,
                -1.9107643438905112e-21
            ],
            [
                3.580652044334496e-19,
                1.0,
                7.397658359917777e-20
            ],
            [
                1.9107643438905112e-21,
                -7.397658359917777e-20,
                1.0
            ]
        ]
    },
    {
        "t": 0.3303303303303303,
        "Inertia matrix": [
            [
                7.02183512841863,
                0.0,
                0.0
            ],
            [
                0.0,
                5.978603062711262,
                0.0
            ],
            [
                0.0,
                0.0,
                7.02183512841863
            ]
        ],
        "eigenvectors": [
            [
                1.0,
                0.0,
                0.0
            ],
            [
                0.0,
                1.0,
                0.0
            ],
            [
                0.0,
                0.0,
                1.0
            ]
        ],
        "Cn_b00": [
            [
                1.0,
                -3.1927692596314687e-19,
                -2.150754334620302e-21
            ],
            [
                3.1927692596314687e-19,
                1.0,
                9.641788194850594e-20
            ],
            [
                2.150754334620302e-21,
                -9.641788194850594e-20,
                1.0
            ]
        ]
    },
    {
        "t": 0.34034034034034033,
        "Inertia matrix": [
